Average first feasible solution found in the 1.6 generation 
Min first feasible solution found in the 1 generation 
Max first feasible solution found in the 2 generation 


Average Feasible Fitness in Generation 500:0.48
Average Infeasible Fitness in Generation 500:0.9556249999999998


Average Feasible Fitness for all gens:[0.1, 0.27999999999999997, 0.27999999999999997, 0.27999999999999997, 0.27999999999999997, 0.27999999999999997, 0.27999999999999997, 0.27999999999999997, 0.29999999999999993, 0.31999999999999995, 0.33999999999999997, 0.33999999999999997, 0.33999999999999997, 0.33999999999999997, 0.33999999999999997, 0.33999999999999997, 0.33999999999999997, 0.33999999999999997, 0.33999999999999997, 0.33999999999999997, 0.33999999999999997, 0.33999999999999997, 0.33999999999999997, 0.33999999999999997, 0.33999999999999997, 0.33999999999999997, 0.33999999999999997, 0.33999999999999997, 0.33999999999999997, 0.33999999999999997, 0.36, 0.36, 0.36, 0.36, 0.36, 0.36, 0.36, 0.36, 0.36, 0.36, 0.36, 0.36, 0.36, 0.36, 0.36, 0.36, 0.36, 0.36, 0.36, 0.36, 0.36, 0.36, 0.36, 0.36, 0.36, 0.36, 0.36, 0.36, 0.36, 0.36, 0.38, 0.4, 0.4, 0.4, 0.4, 0.4, 0.4, 0.42000000000000004, 0.44000000000000006, 0.44000000000000006, 0.44000000000000006, 0.44000000000000006, 0.44000000000000006, 0.44000000000000006, 0.44000000000000006, 0.44000000000000006, 0.44000000000000006, 0.44000000000000006, 0.44000000000000006, 0.44000000000000006, 0.44000000000000006, 0.44000000000000006, 0.44000000000000006, 0.44000000000000006, 0.44000000000000006, 0.44000000000000006, 0.44000000000000006, 0.44000000000000006, 0.44000000000000006, 0.44000000000000006, 0.44000000000000006, 0.44000000000000006, 0.44000000000000006, 0.44000000000000006, 0.44000000000000006, 0.44000000000000006, 0.44000000000000006, 0.44000000000000006, 0.44000000000000006, 0.44000000000000006, 0.44000000000000006, 0.44000000000000006, 0.44000000000000006, 0.44000000000000006, 0.44000000000000006, 0.44000000000000006, 0.44000000000000006, 0.44000000000000006, 0.44000000000000006, 0.44000000000000006, 0.44000000000000006, 0.45999999999999996, 0.45999999999999996, 0.45999999999999996, 0.45999999999999996, 0.45999999999999996, 0.45999999999999996, 0.45999999999999996, 0.45999999999999996, 0.45999999999999996, 0.48, 0.48, 0.48, 0.48, 0.48, 0.48, 0.48, 0.48, 0.48, 0.48, 0.48, 0.48, 0.48, 0.48, 0.48, 0.48, 0.48, 0.48, 0.48, 0.48, 0.48, 0.48, 0.48, 0.48, 0.48, 0.48, 0.48, 0.48, 0.48, 0.48]
Average Infeasible Fitness for all gens:[0.748, 0.8084999999999999, 0.825, 0.825, 0.837375, 0.8634999999999999, 0.864875, 0.864875, 0.884125, 0.884125, 0.884125, 0.884125, 0.884125, 0.884125, 0.9102499999999999, 0.9185000000000001, 0.9460000000000001, 0.9460000000000001, 0.9460000000000001, 0.9460000000000001, 0.9460000000000001, 0.9460000000000001, 0.9460000000000001, 0.9460000000000001, 0.9460000000000001, 0.9460000000000001, 0.9460000000000001, 0.9460000000000001, 0.9460000000000001, 0.9460000000000001, 0.9460000000000001, 0.9556249999999998, 0.9556249999999998, 0.9556249999999998, 0.9556249999999998, 0.9556249999999998, 0.9556249999999998, 0.9556249999999998, 0.9556249999999998, 0.9556249999999998, 0.9556249999999998, 0.9556249999999998, 0.9556249999999998, 0.9556249999999998, 0.9556249999999998, 0.9556249999999998, 0.9556249999999998, 0.9556249999999998, 0.9556249999999998, 0.9556249999999998, 0.9556249999999998, 0.9556249999999998, 0.9556249999999998, 0.9556249999999998, 0.9556249999999998, 0.9556249999999998, 0.9556249999999998, 0.9556249999999998, 0.9556249999999998, 0.9556249999999998, 0.9556249999999998, 0.9556249999999998, 0.9556249999999998, 0.9556249999999998, 0.9556249999999998, 0.9556249999999998, 0.9556249999999998, 0.9556249999999998, 0.9556249999999998, 0.9556249999999998, 0.9556249999999998, 0.9556249999999998, 0.9556249999999998, 0.9556249999999998, 0.9556249999999998, 0.9556249999999998, 0.9556249999999998, 0.9556249999999998, 0.9556249999999998, 0.9556249999999998, 0.9556249999999998, 0.9556249999999998, 0.9556249999999998, 0.9556249999999998, 0.9556249999999998, 0.9556249999999998, 0.9556249999999998, 0.9556249999999998, 0.9556249999999998, 0.9556249999999998, 0.9556249999999998, 0.9556249999999998, 0.9556249999999998, 0.9556249999999998, 0.9556249999999998, 0.9556249999999998, 0.9556249999999998, 0.9556249999999998, 0.9556249999999998, 0.9556249999999998, 0.9556249999999998, 0.9556249999999998, 0.9556249999999998, 0.9556249999999998, 0.9556249999999998, 0.9556249999999998, 0.9556249999999998, 0.9556249999999998, 0.9556249999999998, 0.9556249999999998, 0.9556249999999998, 0.9556249999999998, 0.9556249999999998, 0.9556249999999998, 0.9556249999999998, 0.9556249999999998, 0.9556249999999998, 0.9556249999999998, 0.9556249999999998, 0.9556249999999998, 0.9556249999999998, 0.9556249999999998, 0.9556249999999998, 0.9556249999999998, 0.9556249999999998, 0.9556249999999998, 0.9556249999999998, 0.9556249999999998, 0.9556249999999998, 0.9556249999999998, 0.9556249999999998, 0.9556249999999998, 0.9556249999999998, 0.9556249999999998, 0.9556249999999998, 0.9556249999999998, 0.9556249999999998, 0.9556249999999998, 0.9556249999999998, 0.9556249999999998, 0.9556249999999998, 0.9556249999999998, 0.9556249999999998, 0.9556249999999998, 0.9556249999999998, 0.9556249999999998, 0.9556249999999998, 0.9556249999999998, 0.9556249999999998, 0.9556249999999998]


Average clue length:6.2
Min clue size:5
Max Clue Size:8

Average num loops:4.8
Min num loops:4
Max num loops:5

Total Clue Amounts
	is:4
	not:1
	before:8
	simple_or:5
	compound_or:13

Averages
	is:0.8
	not:0.2
	before:1.6
	simple_or:1.0
	compound_or:2.6

Percent Numeric
	Overall: 0.8709677419354839
	is:0.75
	not:1.0
	before:1.0
	simple_or:0.4
	compound_or:1.0

Total duplicates:3
Average duplicates:0.6
Min duplicates:0
Max duplicates:1