Average first feasible solution found in the 11.733333333333333 generation 
Min first feasible solution found in the 5 generation 
Max first feasible solution found in the 19 generation 


Average Feasible Fitness in Generation 500:0.5483333333333333
Average Infeasible Fitness in Generation 500:0.9728125


Average Feasible Fitness for all gens:[0.0, 0.0, 0.0, 0.0, 0.03166666666666666, 0.03166666666666666, 0.056666666666666664, 0.08333333333333333, 0.11, 0.18666666666666668, 0.1916666666666667, 0.27166666666666667, 0.30333333333333334, 0.3066666666666667, 0.3516666666666667, 0.36000000000000004, 0.41333333333333333, 0.41999999999999993, 0.44499999999999995, 0.44499999999999995, 0.44666666666666655, 0.45166666666666655, 0.45166666666666655, 0.45333333333333325, 0.46333333333333326, 0.46333333333333326, 0.46333333333333326, 0.46333333333333326, 0.46333333333333326, 0.4683333333333333, 0.4683333333333333, 0.4683333333333333, 0.475, 0.475, 0.4816666666666667, 0.4883333333333334, 0.4900000000000001, 0.4916666666666668, 0.4916666666666668, 0.5000000000000001, 0.5000000000000001, 0.5033333333333334, 0.5066666666666667, 0.5083333333333334, 0.5083333333333334, 0.5100000000000001, 0.5166666666666667, 0.5166666666666667, 0.5166666666666667, 0.5166666666666667, 0.5183333333333334, 0.5216666666666667, 0.5216666666666667, 0.5216666666666667, 0.5233333333333333, 0.5233333333333333, 0.5233333333333333, 0.5233333333333333, 0.5233333333333333, 0.525, 0.525, 0.525, 0.525, 0.5266666666666667, 0.5266666666666667, 0.5266666666666667, 0.5266666666666667, 0.5266666666666667, 0.5266666666666667, 0.5266666666666667, 0.5266666666666667, 0.5266666666666667, 0.5266666666666667, 0.5266666666666667, 0.5266666666666667, 0.5266666666666667, 0.5266666666666667, 0.5283333333333334, 0.5283333333333334, 0.5283333333333334, 0.5283333333333334, 0.5283333333333334, 0.5283333333333334, 0.5283333333333334, 0.5316666666666667, 0.5316666666666667, 0.5316666666666667, 0.5316666666666667, 0.5316666666666667, 0.5333333333333333, 0.5333333333333333, 0.5333333333333333, 0.5333333333333333, 0.5333333333333333, 0.5333333333333333, 0.5333333333333333, 0.5333333333333333, 0.5333333333333333, 0.5333333333333333, 0.5333333333333333, 0.5333333333333333, 0.5333333333333333, 0.5333333333333333, 0.5333333333333333, 0.5333333333333333, 0.5333333333333333, 0.5333333333333333, 0.5333333333333333, 0.5366666666666667, 0.5383333333333333, 0.5383333333333333, 0.5383333333333333, 0.5383333333333333, 0.5383333333333333, 0.5383333333333333, 0.5383333333333333, 0.5383333333333333, 0.5383333333333333, 0.5383333333333333, 0.5383333333333333, 0.5383333333333333, 0.5383333333333333, 0.5383333333333333, 0.5399999999999999, 0.5399999999999999, 0.5399999999999999, 0.5399999999999999, 0.5399999999999999, 0.5399999999999999, 0.5399999999999999, 0.5399999999999999, 0.5399999999999999, 0.5399999999999999, 0.5399999999999999, 0.5399999999999999, 0.5399999999999999, 0.5399999999999999, 0.5416666666666666, 0.5416666666666666, 0.5416666666666666, 0.5416666666666666, 0.5416666666666666, 0.5466666666666666, 0.5466666666666666, 0.5466666666666666, 0.5466666666666666, 0.5466666666666666, 0.5466666666666666, 0.5483333333333333, 0.5483333333333333]
Average Infeasible Fitness for all gens:[0.5378541666666667, 0.5962916666666668, 0.6253958333333334, 0.6790208333333335, 0.7049166666666667, 0.7415833333333334, 0.7993333333333335, 0.8206458333333333, 0.8307291666666666, 0.8522708333333332, 0.8749583333333334, 0.8811458333333334, 0.8811458333333334, 0.8811458333333334, 0.8871041666666668, 0.9068124999999999, 0.9143749999999999, 0.9143749999999999, 0.9143749999999999, 0.9198749999999999, 0.9201041666666666, 0.9210208333333334, 0.9249166666666667, 0.9265208333333333, 0.9265208333333333, 0.9265208333333333, 0.9265208333333333, 0.9297291666666666, 0.9336249999999999, 0.9421041666666666, 0.946, 0.946, 0.9476041666666666, 0.9476041666666666, 0.9508124999999998, 0.9508124999999998, 0.9512708333333333, 0.952875, 0.952875, 0.952875, 0.952875, 0.9551666666666667, 0.9645625, 0.9645625, 0.9645625, 0.9661666666666666, 0.9661666666666666, 0.9673125, 0.9689166666666666, 0.9700624999999999, 0.9700624999999999, 0.9728125, 0.9728125, 0.9728125, 0.9728125, 0.9728125, 0.9728125, 0.9728125, 0.9728125, 0.9728125, 0.9728125, 0.9728125, 0.9728125, 0.9728125, 0.9728125, 0.9728125, 0.9728125, 0.9728125, 0.9728125, 0.9728125, 0.9728125, 0.9728125, 0.9728125, 0.9728125, 0.9728125, 0.9728125, 0.9728125, 0.9728125, 0.9728125, 0.9728125, 0.9728125, 0.9728125, 0.9728125, 0.9728125, 0.9728125, 0.9728125, 0.9728125, 0.9728125, 0.9728125, 0.9728125, 0.9728125, 0.9728125, 0.9728125, 0.9728125, 0.9728125, 0.9728125, 0.9728125, 0.9728125, 0.9728125, 0.9728125, 0.9728125, 0.9728125, 0.9728125, 0.9728125, 0.9728125, 0.9728125, 0.9728125, 0.9728125, 0.9728125, 0.9728125, 0.9728125, 0.9728125, 0.9728125, 0.9728125, 0.9728125, 0.9728125, 0.9728125, 0.9728125, 0.9728125, 0.9728125, 0.9728125, 0.9728125, 0.9728125, 0.9728125, 0.9728125, 0.9728125, 0.9728125, 0.9728125, 0.9728125, 0.9728125, 0.9728125, 0.9728125, 0.9728125, 0.9728125, 0.9728125, 0.9728125, 0.9728125, 0.9728125, 0.9728125, 0.9728125, 0.9728125, 0.9728125, 0.9728125, 0.9728125, 0.9728125, 0.9728125, 0.9728125, 0.9728125, 0.9728125, 0.9728125]


Average clue length:7.133333333333334
Min clue size:6
Max Clue Size:8

Average num loops:4.533333333333333
Min num loops:4
Max num loops:5

Total Clue Amounts
	is:12
	not:4
	before:40
	simple_or:21
	compound_or:30

Averages
	is:0.8
	not:0.26666666666666666
	before:2.6666666666666665
	simple_or:1.4
	compound_or:2.0

Percent Numeric
	Overall: 0.0
	is:0.0
	not:0.0
	before:0.0
	simple_or:0.0
	compound_or:0.0

Total duplicates:0
Average duplicates:0.0
Min duplicates:0
Max duplicates:0