Average first feasible solution found in the 1.8 generation 
Min first feasible solution found in the 1 generation 
Max first feasible solution found in the 3 generation 


Average Feasible Fitness in Generation 500:0.8
Average Infeasible Fitness in Generation 500:0.9556249999999998


Average Feasible Fitness for all gens:[0.31, 0.6, 0.75, 0.76, 0.76, 0.76, 0.76, 0.76, 0.76, 0.76, 0.76, 0.7699999999999999, 0.7699999999999999, 0.7699999999999999, 0.78, 0.78, 0.78, 0.78, 0.78, 0.78, 0.79, 0.79, 0.79, 0.79, 0.79, 0.79, 0.79, 0.79, 0.79, 0.79, 0.79, 0.79, 0.79, 0.79, 0.79, 0.79, 0.79, 0.79, 0.79, 0.79, 0.79, 0.79, 0.79, 0.79, 0.79, 0.79, 0.79, 0.79, 0.79, 0.79, 0.79, 0.79, 0.79, 0.8, 0.8, 0.8, 0.8, 0.8, 0.8, 0.8, 0.8, 0.8, 0.8, 0.8, 0.8, 0.8, 0.8, 0.8, 0.8, 0.8, 0.8, 0.8, 0.8, 0.8, 0.8, 0.8, 0.8, 0.8, 0.8, 0.8, 0.8, 0.8, 0.8, 0.8, 0.8, 0.8, 0.8, 0.8, 0.8, 0.8, 0.8, 0.8, 0.8, 0.8, 0.8, 0.8, 0.8, 0.8, 0.8, 0.8, 0.8, 0.8, 0.8, 0.8, 0.8, 0.8, 0.8, 0.8, 0.8, 0.8, 0.8, 0.8, 0.8, 0.8, 0.8, 0.8, 0.8, 0.8, 0.8, 0.8, 0.8, 0.8, 0.8, 0.8, 0.8, 0.8, 0.8, 0.8, 0.8, 0.8, 0.8, 0.8, 0.8, 0.8, 0.8, 0.8, 0.8, 0.8, 0.8, 0.8, 0.8, 0.8, 0.8, 0.8, 0.8, 0.8, 0.8, 0.8, 0.8, 0.8]
Average Infeasible Fitness for all gens:[0.798875, 0.798875, 0.8415000000000001, 0.8483750000000001, 0.8483750000000001, 0.8483750000000001, 0.88275, 0.892375, 0.9075000000000001, 0.9116250000000001, 0.9116250000000001, 0.928125, 0.93775, 0.93775, 0.9418749999999999, 0.9418749999999999, 0.9418749999999999, 0.9418749999999999, 0.946275, 0.9503999999999999, 0.9556249999999998, 0.9556249999999998, 0.9556249999999998, 0.9556249999999998, 0.9556249999999998, 0.9556249999999998, 0.9556249999999998, 0.9556249999999998, 0.9556249999999998, 0.9556249999999998, 0.9556249999999998, 0.9556249999999998, 0.9556249999999998, 0.9556249999999998, 0.9556249999999998, 0.9556249999999998, 0.9556249999999998, 0.9556249999999998, 0.9556249999999998, 0.9556249999999998, 0.9556249999999998, 0.9556249999999998, 0.9556249999999998, 0.9556249999999998, 0.9556249999999998, 0.9556249999999998, 0.9556249999999998, 0.9556249999999998, 0.9556249999999998, 0.9556249999999998, 0.9556249999999998, 0.9556249999999998, 0.9556249999999998, 0.9556249999999998, 0.9556249999999998, 0.9556249999999998, 0.9556249999999998, 0.9556249999999998, 0.9556249999999998, 0.9556249999999998, 0.9556249999999998, 0.9556249999999998, 0.9556249999999998, 0.9556249999999998, 0.9556249999999998, 0.9556249999999998, 0.9556249999999998, 0.9556249999999998, 0.9556249999999998, 0.9556249999999998, 0.9556249999999998, 0.9556249999999998, 0.9556249999999998, 0.9556249999999998, 0.9556249999999998, 0.9556249999999998, 0.9556249999999998, 0.9556249999999998, 0.9556249999999998, 0.9556249999999998, 0.9556249999999998, 0.9556249999999998, 0.9556249999999998, 0.9556249999999998, 0.9556249999999998, 0.9556249999999998, 0.9556249999999998, 0.9556249999999998, 0.9556249999999998, 0.9556249999999998, 0.9556249999999998, 0.9556249999999998, 0.9556249999999998, 0.9556249999999998, 0.9556249999999998, 0.9556249999999998, 0.9556249999999998, 0.9556249999999998, 0.9556249999999998, 0.9556249999999998, 0.9556249999999998, 0.9556249999999998, 0.9556249999999998, 0.9556249999999998, 0.9556249999999998, 0.9556249999999998, 0.9556249999999998, 0.9556249999999998, 0.9556249999999998, 0.9556249999999998, 0.9556249999999998, 0.9556249999999998, 0.9556249999999998, 0.9556249999999998, 0.9556249999999998, 0.9556249999999998, 0.9556249999999998, 0.9556249999999998, 0.9556249999999998, 0.9556249999999998, 0.9556249999999998, 0.9556249999999998, 0.9556249999999998, 0.9556249999999998, 0.9556249999999998, 0.9556249999999998, 0.9556249999999998, 0.9556249999999998, 0.9556249999999998, 0.9556249999999998, 0.9556249999999998, 0.9556249999999998, 0.9556249999999998, 0.9556249999999998, 0.9556249999999998, 0.9556249999999998, 0.9556249999999998, 0.9556249999999998, 0.9556249999999998, 0.9556249999999998, 0.9556249999999998, 0.9556249999999998, 0.9556249999999998, 0.9556249999999998, 0.9556249999999998, 0.9556249999999998, 0.9556249999999998, 0.9556249999999998, 0.9556249999999998, 0.9556249999999998]


Average clue length:4.0
Min clue size:4
Max Clue Size:4

Average num loops:2.8
Min num loops:2
Max num loops:4

Total Clue Amounts
	is:3
	not:0
	before:13
	simple_or:2
	compound_or:2

Averages
	is:0.6
	not:0.0
	before:2.6
	simple_or:0.4
	compound_or:0.4

Percent Numeric
	Overall: 1.0
	is:1.0